93
102
92
99
97
103
105
101
101
100
100
104
104
102
102
106
103
100
97
97
106
100
107
95
98
104
96
98
101
98
102
105
99
99
99
105
92
100
102
103
98
103
103
99
95
108
98
107
99
108
97
97
107
99
98
97
97
105
99
98
97
101
95
96
105
102
102
102
103
95
96
93
94
96
106
100
96
101
103
96
99
101
94
93
103
101
93
97
101
98
105
96
99
97
107
96
104
97
103
99
47
56
48
49
54
52
57
43
55
44
48
48
48
45
51
49
49
52
44
49
52
58
53
50
56
52
48
51
56
46
51
51
56
42
46
50
55
55
48
49
45
54
52
48
49
51
43
51
54
52
49
51
46
50
46
47
56
51
49
59
54
51
50
48
58
52
51
43
51
57
51
53
49
45
48
45
52
52
54
45
57
53
53
44
49
51
53
49
51
51
47
50
52
48
55
54
54
52
56
52
