53
46
45
45
50
50
44
53
51
53
55
52
55
52
58
56
51
41
50
54
42
50
46
52
49
54
43
49
52
55
49
51
52
57
56
57
46
50
55
51
50
43
51
49
47
49
41
53
45
54
48
57
46
56
54
50
48
53
56
48
47
56
49
48
53
51
43
46
52
54
50
47
50
55
48
47
53
48
56
43
44
52
48
58
47
54
46
55
51
52
50
54
55
55
48
49
56
47
46
51
50
48
54
45
47
55
45
53
51
48
50
56
53
46
48
49
52
50
53
45
54
42
44
51
46
51
50
52
51
54
52
53
53
41
47
46
46
51
50
52
55
46
46
42
50
44
44
49
46
47
55
46
49
49
53
57
52
49
59
57
47
47
52
52
46
49
53
52
57
55
45
56
51
54
48
50
51
59
48
51
47
52
53
55
52
54
57
50
53
53
52
41
49
50
47
49
49
58
43
48
