74
79
78
78
82
75
86
76
86
81
81
85
80
78
77
82
80
76
80
81
77
80
85
79
74
84
74
79
80
83
80
79
85
77
77
85
80
82
87
82
79
83
78
80
76
72
87
81
74
75
83
79
73
78
81
89
81
82
81
78
82
82
81
78
81
81
80
87
83
78
77
79
75
82
80
81
77
79
78
81
82
80
74
77
77
78
83
80
86
81
81
79
80
79
77
80
78
74
76
82
41
40
67
62
48
46
79
105
49
73
40
112
81
134
47
109
86
69
91
46
58
110
39
80
68
45
71
106
94
40
45
73
76
52
54
125
74
41
53
102
77
77
76
98
103
85
112
92
65
100
83
85
101
96
101
54
105
54
85
77
86
52
89
46
74
74
47
90
89
43
100
83
46
73
49
39
107
62
117
100
66
121
110
83
92
25
92
64
80
85
74
86
76
98
114
92
110
58
78
48
