50
52
51
50
49
51
52
50
49
50
51
48
52
48
49
50
49
50
50
50
51
49
49
51
50
50
48
49
48
52
51
49
51
52
49
51
51
50
48
48
50
48
51
51
51
48
48
48
51
50
50
50
50
48
51
48
51
50
50
50
52
52
52
50
50
51
48
51
51
51
51
52
50
51
51
52
50
50
49
49
51
49
52
50
48
52
48
50
51
51
50
50
50
49
51
49
48
50
50
50
49
50
49
52
50
52
52
50
51
52
50
50
50
51
49
48
52
50
49
50
49
50
51
48
51
48
50
50
51
50
49
50
49
50
50
48
50
50
50
50
51
50
49
50
52
51
51
50
50
52
52
51
49
50
50
50
50
49
51
50
51
50
50
48
51
52
48
50
48
49
51
49
49
50
51
49
52
48
49
51
51
50
51
52
49
51
49
51
51
52
52
51
50
50
51
49
51
49
52
50
