39
37
51
34
42
59
52
46
35
46
43
41
36
48
47
54
34
53
51
57
51
54
53
66
61
60
50
42
34
39
53
44
37
38
50
53
53
37
33
64
42
41
55
57
36
53
39
49
46
51
44
58
45
57
38
50
50
39
40
43
54
49
52
54
56
48
60
39
54
50
40
46
66
35
36
55
43
51
46
40
37
52
49
54
51
61
50
49
63
55
38
45
67
41
32
65
53
52
50
40
50
49
36
38
35
49
44
55
65
57
54
59
42
58
55
46
49
56
61
65
56
52
42
40
50
54
49
58
40
37
35
49
55
42
35
51
36
57
36
45
68
47
47
47
36
61
50
49
48
58
43
34
49
59
53
43
36
49
44
48
49
47
47
47
37
47
51
61
46
40
59
53
36
52
50
43
47
53
52
51
44
52
44
48
45
58
41
41
54
45
46
53
50
47
56
60
53
51
41
45
