48
46
43
50
45
58
53
52
46
48
58
50
51
50
53
50
44
50
48
53
47
48
51
48
55
44
43
54
46
55
54
55
53
52
49
50
49
58
46
51
50
54
45
53
51
51
58
57
50
52
47
49
50
52
49
56
52
50
46
51
44
50
48
48
45
56
49
54
54
44
43
51
51
53
43
50
54
50
58
50
52
51
51
49
48
48
52
45
54
57
55
47
50
53
50
48
57
51
52
55
99
98
99
102
105
92
107
102
98
100
102
100
101
105
100
95
103
94
95
100
96
100
93
100
102
106
99
92
107
104
103
98
106
106
109
107
101
100
104
104
102
105
98
105
96
96
108
98
92
99
100
91
100
99
96
104
98
105
96
104
106
101
93
100
100
100
94
107
103
107
99
101
106
100
105
100
105
109
103
107
101
98
99
106
100
103
107
109
100
104
94
102
103
96
107
100
101
106
95
95
