RTO(Jacobson)       RTO(Jacobson/Karels)     RTTs           Desviación     M
148                 222                      74             37             74
149,25              190,63                   74,625         29             79
150,09              165,42                   75,047         22,594         78
150,83              146,15                   75,416         17,684         78
152,48              135,87                   76,239         14,909         82
152,17              122,05                   76,084         11,491         75
154,65              121,71                   77,324         11,097         86
154,32              111,77                   77,158         8,654          76
156,53              113,07                   78,263         8,7009         86
157,21              107,44                   78,605         7,2099         81
157,81              102,93                   78,905         6,006          81
159,33              103,78                   79,667         6,0283         85
159,42              98,127                   79,708         4,6046         80
158,99              95,017                   79,495         3,8805         78
158,37              93,319                   79,183         3,5341         77
159,07              92,954                   79,535         3,3548         82
159,19              90,123                   79,593         2,6323         80
158,29              90,634                   79,144         2,8726         76
158,5               88,725                   79,251         2,3684         80
158,94              88,324                   79,47          2,2135         81
158,32              88,271                   79,161         2,2776         77
158,53              86,938                   79,266         1,9179         80
159,97              91,471                   79,983         2,872          85
159,72              89,458                   79,86          2,3996         79
158,25              92,186                   79,127         3,2647         74
159,47              94,403                   79,736         3,6667         84
158,04              95,756                   79,019         4,1841         74
158,03              91,589                   79,017         3,1429         79
158,28              89,552                   79,14          2,603          80
159,24              91,291                   79,622         2,9173         83
159,34              88,799                   79,67          2,2824         80
159,17              87,102                   79,586         1,8792         79
160,53              91,314                   80,263         2,7629         85
159,71              91,406                   79,855         2,8878         77
159                 91,016                   79,498         2,8796         77
160,37              94,326                   80,186         3,5352         85
160,32              90,954                   80,162         2,6978         80
160,78              90,323                   80,392         2,4827         82
162,44              95,274                   81,218         3,514          87
162,63              92,64                    81,316         2,831          82
162,05              91,835                   81,026         2,7022         79
162,55              91,353                   81,273         2,5201         83
161,73              91,697                   80,864         2,7083         78
161,51              89,745                   80,756         2,2472         80
160,32              91,659                   80,161         2,8744         76
158,28              95,926                   79,141         4,1962         72
160,25              100,57                   80,124         5,1118         87
160,47              96,445                   80,233         4,053          81
158,91              97,846                   79,454         4,598          74
157,79              97,145                   78,897         4,562          75
158,82              97,199                   79,41          4,4472         83
158,72              93,111                   79,359         3,4379         79
157,13              95,237                   78,564         4,1682         73
156,99              91,562                   78,493         3,2671         78
157,61              91,115                   78,807         3,077          81
160,16              99,505                   80,081         4,856          89
160,39              95,683                   80,196         3,8718         81
160,84              93,841                   80,421         3,3549         82
160,99              91,137                   80,494         2,6608         81
160,36              90,658                   80,182         2,619          78
160,82              90,084                   80,409         2,4188         82
161,22              89,455                   80,608         2,2118         82
161,31              87,684                   80,657         1,7568         81
160,65              88,252                   80,325         1,9819         78
160,82              87,03                    80,409         1,6552         81
160,97              86,039                   80,483         1,3891         81
160,85              85,073                   80,423         1,1626         80
162,49              91,31                    81,245         2,5162         87
162,93              90,768                   81,464         2,326          83
162,06              91,473                   81,031         2,6105         78
161,05              92,39                    80,527         2,9657         77
160,67              90,761                   80,336         2,6061         79
159,34              92,824                   79,669         3,2887         75
159,92              92,157                   79,961         3,0492         82
159,93              89,152                   79,966         2,2967         80
160,19              88,019                   80,095         1,9811         81
159,42              88,746                   79,708         2,2596         77
159,24              87,106                   79,62          1,8717         79
158,83              86,652                   79,417         1,8087         78
159,23              86,624                   79,615         1,7522         81
159,83              87,555                   79,913         1,9104         82
159,85              85,742                   79,924         1,4545         80
158,37              89,471                   79,183         2,5719         74
157,82              88,81                    78,911         2,4748         77
157,34              88,007                   78,672         2,3337         77
157,18              86,261                   78,588         1,9182         78
158,28              89,306                   79,139         2,5417         83
158,49              87,733                   79,247         2,1215         80
160,18              93,209                   80,091         3,2794         86
160,41              90,952                   80,205         2,6868         81
160,61              89,16                    80,304         2,2139         81
160,28              88,087                   80,141         1,9865         79
160,25              86,224                   80,123         1,5251         80
159,97              85,682                   79,983         1,4247         79
159,22              86,867                   79,61          1,8143         77
159,32              85,492                   79,659         1,4582         80
158,9               85,485                   79,451         1,5083         78
157,54              88,747                   78,77          2,4941         74
156,85              88,676                   78,424         2,5631         76
157,74              90,136                   78,871         2,8164         82
148,27              120,46                   74,137         11,58          41
139,74              138,75                   69,87          17,219         40
139,02              124,04                   69,511         13,632         67
137,14              116,98                   68,572         12,102         62
132                 122,88                   66,001         14,219         48
127                 126,16                   63,501         15,665         46
130,88              127,93                   65,438         15,623         79
140,77              156,82                   70,383         21,608         105
135,42              153,92                   67,71          21,552         49
136,74              138,32                   68,372         17,486         73
129,65              145,66                   64,825         20,208         40
141,44              178,52                   70,722         26,949         112
144,01              163,13                   72,007         22,782         81
159,51              210,09                   79,756         32,584         134
151,32              206,17                   75,661         32,627         47
159,66              211,05                   79,829         32,805         109
161,2               185,19                   80,6           26,147         86
158,3               169,19                   79,15          22,51          69
161,26              160,01                   80,631         19,845         91
152,6               170,47                   76,302         23,542         46
148,03              162,94                   74,015         22,232         58
157,03              181,19                   78,513         25,67          110
147,15              190,1                    73,574         29,131         39
148,75              168,2                    74,377         23,455         80
147,16              150,32                   73,58          19,185         68
140,01              156,14                   70,007         21,534         45
140,26              135,73                   70,131         16,399         71
149,23              159,68                   74,615         21,266         106
154,08              160,22                   77,038         20,796         94
144,82              171,83                   72,408         24,856         40
137,96              170,96                   68,982         25,494         45
138,97              149,99                   69,485         20,125         73
140,6               137,19                   70,299         16,723         76
136,02              136,48                   68,012         17,117         52
132,52              131,62                   66,26          16,341         54
147,21              181,36                   73,603         26,94          125
147,3               154,87                   73,652         20,305         74
139,14              163,14                   69,571         23,392         41
135                 154,24                   67,499         21,686         53
143,62              171,37                   71,812         24,89          102
144,92              152,32                   72,46          19,964         77
146,06              137,46                   73,028         16,108         77
146,8               124,7                    73,399         12,824         76
152,95              139,55                   76,475         15,768         98
159,58              153,62                   79,79          18,458         103
160,88              141,02                   80,441         15,146         85
168,77              161,38                   84,386         19,249         112
170,68              150,7                    85,338         16,34          92
165,59              152,15                   82,796         17,34          65
169,89              154,17                   84,946         17,306         100
169,41              138,57                   84,703         13,466         83
169,48              125,43                   84,74          10,174         85
173,55              133,55                   86,773         11,695         101
175,85              132,24                   87,926         11,078         96
179,12              135,87                   89,56          11,577         101
170,23              155,41                   85,115         17,573         54
175,2               160,2                    87,601         18,151         105
166,8               171,45                   83,401         22,013         54
167,2               151,24                   83,601         16,91          85
165,55              140,11                   82,776         14,333         77
166,36              129,4                    83,179         11,556         86
158,56              145,13                   79,281         16,461         52
160,99              139,6                    80,496         14,776         89
152,37              155,01                   76,184         19,706         46
151,82              137,21                   75,911         15,325         74
151,34              123,56                   75,672         11,972         74
144,18              136,68                   72,088         16,147         47
148,65              140,68                   74,327         16,588         90
152,32              140,6                    76,161         16,109         89
144,03              153,51                   72,016         20,372         43
151,03              164,61                   75,514         22,275         100
152,9               150,76                   76,45          18,578         83
145,29              158,83                   72,644         21,546         46
145,38              137,68                   72,688         16,248         73
139,45              142,16                   69,727         18,108         49
131,77              150,94                   65,886         21,263         39
142,05              175,93                   71,025         26,226         107
139,79              157,6                    69,897         21,926         62
151,57              188,66                   75,785         28,22          117
157,62              187,69                   78,812         27,219         100
154,42              171,68                   77,21          23,617         66
165,37              197,32                   82,684         28,66          121
172,2               199,39                   86,099         28,324         110
171,42              173,78                   85,711         22,018         83
172,99              158,84                   86,497         18,085         92
157,62              194,56                   78,81          28,938         25
160,92              180,46                   80,459         25,001         92
156,8               169,86                   78,402         22,866         64
157,2               148,8                    78,601         17,549         80
158,8               138,45                   79,401         14,761         85
157,45              128,41                   78,726         12,421         74
159,27              124,17                   79,635         11,134         86
158,36              116,22                   79,181         9,2597         76
163,07              128,13                   81,533         11,65          98
171,18              153,01                   85,592         16,854         114
172,79              143,36                   86,393         14,242         92
178,69              155,68                   89,344         16,584         110
170,85              166,52                   85,426         20,274         58
168,99              152,74                   84,497         17,062         78
159,87              167,62                   79,935         21,921         48
